4429655.795110297 -0.00030104321906142744 0.007293065842598862 -0.0054874002801622536 -455.6247094254836 164.3478942229287 -428.129296156717 8476.525498698167 
4429658.312924327 -0.00030126771865744706 0.007291365935086823 -0.005487423446080681 -455.6287145252359 164.20459624515183 -428.1309591547162 8473.516632992683 
4429655.479531963 -0.0003011201112761944 0.007295296623735809 -0.005487736457166835 -455.62538029343966 164.21072058122832 -428.13126696453946 8476.432307600422 
4429648.675170264 -0.00029789747143020643 0.007293217991632807 -0.005487397684190917 -455.6236809345797 164.1957554539625 -428.13371848785715 8475.32779093018 
4429657.975450164 -0.0002952591486695162 0.007293160625279618 -0.005484348743044011 -456.6236910484271 164.81232550900097 -428.40669660187456 8473.158854190044 
4429655.679344426 -0.00030332159204011816 0.0072954672181625 -0.005488492847075463 -456.6299938259166 164.63946976663385 -428.1334379907072 8477.011485117595 
4429654.740700577 -0.0003013881950865315 0.007293035263964283 -0.005487603933663826 -456.94969026552565 164.6106277693876 -428.2757732197877 8479.04840563446 
4429658.289998748 -0.0003016683458981499 0.00728853132255179 -0.005489676979875622 -456.0818025141276 164.20171316212833 -428.1325650894703 8478.567977004252 
4429650.974149586 -0.00029761196914368233 0.007292457886081056 -0.005487395969166527 -456.9195871084851 165.4200846208163 -428.3718073591971 8478.004295838642 
4429657.6223565275 -0.00030346570747806343 0.007292449206507497 -0.005488171284494558 -456.43735951800113 164.64624731875998 -428.13369777652775 8477.343328024077 
4429662.768254541 -0.0002991213253471737 0.007290559442677071 -0.005486464610838806 -456.24173894936945 164.58581638076933 -428.0277922211122 8473.2052197599 
4429661.54146292 -0.00030062126400062333 0.007293085859440931 -0.005487953477295676 -456.0592763749532 164.9631720695625 -427.55650329618015 8475.801091659985 
4429653.269736338 -0.0003011772125280259 0.007289694684805768 -0.005486144477801363 -457.59852087890135 164.35334265317113 -426.9215542513119 8469.187734508825 
4429655.194769454 -0.0002978986685119044 0.007294449219361134 -0.005487582443248624 -455.56866039195495 164.34510868914796 -428.07604612807427 8477.1055401283 
4429663.266779727 -0.00029794884093009463 0.0072892443923265595 -0.00548740275894726 -456.56922128997434 164.19778151761028 -428.1253147214841 8473.252488481921 
4429658.267246892 -0.0002979458252768942 0.007291174090599186 -0.005486769924695756 -455.62550232152057 164.2042031364232 -428.1337420964174 8474.558466358145 
