4262467.098720008 -0.00029420469816287073 0.007189932765518506 -0.005380904426537811 -452.54888397645004 162.24804167547572 -427.29124053684205 8356.665548286952 
4261779.544880195 -0.00029469257490967633 0.007195884966136275 -0.005377141613368059 -451.6918683058941 163.68319936795976 -423.38439727562326 8358.721114701257 
4262019.861525144 -0.0002963795459813142 0.007191935302512206 -0.005375951691289438 -452.0099032781315 163.2284715380456 -422.1717461378791 8356.660860887769 
4261794.67544023 -0.0002949729433210513 0.007192459970627851 -0.005375235116228611 -451.9392103973773 163.8190591030506 -420.7271994411517 8357.850090990276 
4261859.56651363 -0.0002961845851806843 0.00719273912193844 -0.005377145064114038 -451.3662775196447 163.25303906369035 -422.0798239761976 8361.353989952282 
4261926.127457785 -0.00029544814579641245 0.007193940070413436 -0.005375956199929861 -451.36544025873036 163.67768686024763 -422.0850495427486 8360.1308254452 
4261784.182240538 -0.0002975648318453866 0.007193101969818748 -0.005375972740045917 -452.03932523040993 163.67126066744223 -422.07618889988385 8357.79242747634 
4261861.254203889 -0.00029821200800259274 0.007192941875009937 -0.00537764810913273 -451.37417806413634 163.89479869245963 -423.3191339549119 8359.043399321661 
4261783.638306589 -0.00029770983400254 0.007195025130367074 -0.005375914002813254 -451.3740050095417 163.64289154556292 -422.8427641098076 8356.021840148282 
4261781.12296909 -0.00029661100982541805 0.0071939248327680325 -0.005375946373089191 -451.36867741866587 163.16394752742895 -422.20069643736815 8354.854813246475 
4261772.241596192 -0.00029617598831468446 0.007193990755149805 -0.005379125288248944 -451.54260615643506 163.66409985552067 -422.6429904142907 8360.284849882117 
4261904.6761106765 -0.00029819760862669406 0.007193025039495451 -0.00537594927930122 -451.3782444857058 163.74752190885002 -422.9997709488499 8357.052579818239 
4262685.917147977 -0.0002982293315903987 0.007193953759438455 -0.005376562688437855 -451.97705339532547 163.49381955481394 -422.86348424655324 8362.79278068056 
4261771.627574089 -0.0002968264293747331 0.007193891664097116 -0.005376039432670071 -451.8794782668705 163.04347570998962 -422.1281716895818 8361.597365912245 
4262390.152041051 -0.00029451068960259345 0.007188923458919768 -0.0053763269447031714 -452.499934600185 163.47329801526388 -421.75051591749167 8352.087935023314 
4261793.0804848485 -0.0003000641627824671 0.007193069757734376 -0.0053773255124428656 -452.5406524228843 163.70912149320216 -422.2000622050259 8357.930573660997 
4261977.578464453 -0.00029612016359744465 0.007193255810231397 -0.005375967063329481 -451.9644977606351 162.34490039701447 -427.1022086951271 8357.941782209784 
4261772.0954280505 -0.00029762489022480926 0.007194472668911362 -0.005377690935279705 -451.746177382805 163.69147533540553 -422.0788602602224 8361.749925859001 
4261781.23205927 -0.00029776323802090175 0.0071935072114578036 -0.005376147631910467 -450.64897406307665 163.68843326285614 -421.2039145750598 8359.858178251112 
4261770.334742494 -0.0002976071363423521 0.007193918784226052 -0.0053758564339719305 -451.36458709936073 163.24542551912484 -422.43541439145844 8356.34266550309 
4261711.053174488 -0.0002966101409220929 0.007194772835502305 -0.005376531890289818 -451.3627402765554 163.6019484424269 -421.9779692579362 8361.570157325017 
4261770.679048472 -0.00029292092594097814 0.007194585073563081 -0.005374639346427287 -451.37456695096625 162.81721946398824 -422.09087873777986 8353.77541825263 
4261901.551022416 -0.0002961855269275913 0.007193957926059529 -0.005375996573430447 -451.36619477510357 164.04867732293476 -421.92437814624293 8360.299636713531 
4261782.560298038 -0.0002960030877651175 0.007194965078147693 -0.005375942845380351 -451.3743777829746 163.66927909540735 -422.08843579529497 8358.076506620553 
4261970.645963749 -0.0002924962731196586 0.007192918899966822 -0.005375372095213473 -450.6099480394475 162.84306104410427 -423.1186012413395 8352.540610444732 
4261936.4327359265 -0.0002977432356499626 0.007192050539271066 -0.005375913555340291 -451.365387093336 163.6938454304764 -422.0788589991138 8359.252688417 
4261780.035582045 -0.0002978018685829609 0.007193061071157623 -0.005375953544944341 -451.3634832095604 163.67528442003996 -422.07881559760034 8358.079463960794 
4261780.052598002 -0.0002993398954707927 0.007193869247360386 -0.005376998141448341 -451.3770790872093 163.65784056698047 -422.0787338189305 8358.24587693507 
4261780.028968099 -0.0002964127855424427 0.00719393288695904 -0.0053759465 -451.36879878146226 163.675332352113 -422.07879225985425 8355.683993094028 
4261790.523421137 -0.00029305729660373864 0.007194088330507756 -0.005377145163058778 -451.7390396180314 162.63812020489706 -423.6888699807133 8361.040222004007 
4261877.730066078 -0.0002949473532878603 0.007193934650064561 -0.005375916774313439 -451.3654878186256 163.67334800303118 -423.0602750598565 8357.365623027528 
4261772.096680453 -0.00029556430286988846 0.00719341678455595 -0.005379554881348596 -452.29077718804257 163.6572928790884 -422.078783937744 8360.858361622242 
4261909.111709297 -0.0002968837734132456 0.0071934594772862445 -0.005375064257599466 -451.36496253858155 163.71240527646918 -422.0789134240115 8358.084708650395 
4261789.889172816 -0.00029874547706377114 0.007193930082258264 -0.005375946461495885 -451.8249228664506 163.5555444829692 -422.6992067989915 8357.573162469975 
4262130.011103606 -0.00029649640728623885 0.007195191164578484 -0.005375944083907173 -451.18096891263224 163.44092363757983 -422.08172649767863 8359.384866995822 
4261771.359880258 -0.00030029890110542504 0.007192059396421248 -0.005378744105852353 -452.379645046093 164.06325621577327 -422.0946401778644 8356.445394797387 
4261758.057887133 -0.0002947035125158251 0.0071960048613521005 -0.005375950751538281 -451.3654353035169 163.64617281739638 -423.61256642451076 8359.042492023998 
4261962.739830605 -0.00029839773826600524 0.007191119252379083 -0.005378493743044101 -451.3564812899179 163.8225601283711 -422.08090138683434 8360.580139711361 
4261772.144962023 -0.00029623345934123006 0.0071928787714237155 -0.005375965931762244 -452.3593356098149 163.56400093960264 -422.07384791338956 8359.737137802931 
4261971.016561796 -0.000295898940074651 0.007192930752166095 -0.005375955228822526 -451.36030395636567 163.69382198780426 -421.46544097316684 8355.963860652133 
4261770.4422989935 -0.00029621265614852 0.007196147359842926 -0.005376798861805605 -451.95737133237037 163.70883930829564 -423.04061720309966 8360.976769585604 
4261974.780905395 -0.0002975693219062255 0.007192637566953211 -0.0053801559013616105 -451.36215790565274 163.1908213598662 -422.08637457696585 8353.012488767466 
4262238.330677457 -0.0002972971007861246 0.007193588792401561 -0.0053758654303384555 -451.3733936717418 163.16566073068768 -423.1709921942763 8357.877639229002 
4261769.1700565405 -0.00029604783033022447 0.00719475023488526 -0.005375950774024403 -451.3654201857763 163.24074884155996 -422.07529198059353 8358.792244676892 
4261784.659507028 -0.0002953028724512999 0.007189938730508697 -0.005379260073054261 -451.9807568752908 163.36105959591737 -422.3151633912567 8359.125095320278 
4261783.325400865 -0.00029657039504545085 0.007193944496535223 -0.005376004294692955 -451.6956523917988 163.69595695490653 -422.07886391678295 8359.90507521786 
4261781.472848239 -0.0002974013786127405 0.007193693863149813 -0.005375947529959537 -451.36541509150754 163.69291839008963 -422.0792160759276 8360.44585297689 
4261783.771350917 -0.0002955447356797802 0.007193944758687372 -0.005378150957225876 -451.6921353769091 163.70280253381097 -422.078878114745 8357.65407532634 
4261782.38152495 -0.00029742549085062976 0.007193959080784587 -0.005375946853235739 -452.4481008910932 163.6674515303034 -422.69561942553497 8359.947449139723 
4261788.044043401 -0.00029783640068571166 0.007195129410455374 -0.0053805978098769 -451.37804482620453 163.68232444840334 -423.4412146720307 8361.96470806056 
4261752.227297373 -0.000297881066409577 0.00719400135942283 -0.0053776367444464445 -450.78438889366134 163.67478304220035 -422.0951094371426 8359.658737346217 
4261785.6636439115 -0.0002987106210042769 0.0071942699073638565 -0.005375971136663695 -451.3751867046044 163.69414696687403 -422.0788603240395 8359.073431813786 
4261779.949989867 -0.00029721775094332105 0.007192717411897404 -0.005375962998809998 -451.3441312663872 163.6753848273951 -422.08380424585215 8360.567229560447 
4261936.9121435415 -0.00029613431217646565 0.007193937757660174 -0.005375946533779985 -451.35954405021795 163.70995268659254 -422.07260999995026 8360.231792432234 
4261796.311517049 -0.0002950441942759152 0.007193808528933918 -0.005376269900219417 -451.18917605750477 163.27200314414378 -422.08002203162664 8357.575128651379 
4261814.311111664 -0.0002952120695910936 0.007193162071607672 -0.005375429817264563 -452.4721149642996 163.62087899034674 -423.07371851534657 8360.437565295182 
4261782.919414831 -0.000297860138417498 0.007193898718140232 -0.0053770463400841535 -451.35544249112615 163.63625237294602 -421.92161256590424 8359.538427694913 
4261792.373357091 -0.0002979864109630887 0.007193007614547634 -0.005375955346047278 -451.3671335570127 163.08280424084214 -422.6968932190421 8361.38105275134 
4261834.389955232 -0.00029552615186668264 0.007194508200248298 -0.0053771007255130265 -451.3071238411409 163.74361795698607 -420.4952740910577 8357.85921221742 
4262000.7118528625 -0.00029768279903350284 0.007192211257834804 -0.005381546075644982 -452.3097048151047 163.2970307972092 -425.7025407078472 8358.667506792091 
4261873.877075942 -0.00029406788235549245 0.007193924728697087 -0.0053759643997487285 -452.2091458115767 164.17624915339024 -422.51069071374565 8357.6572731442 
4261780.39241013 -0.0002972384482099015 0.0071940622929532435 -0.005377486517037214 -451.95079485566686 163.68088027142588 -422.751202653896 8364.038034249508 
4262241.561239387 -0.00029205125893049915 0.007192471382499505 -0.005375954853178194 -451.8656011009771 163.50108184503355 -421.9654601119425 8355.77012668795 
4261772.803906882 -0.00029731008372258546 0.007195172638235633 -0.005377681042099447 -451.3686443689425 163.6938789209528 -422.0396312779801 8357.861222692552 
4261772.095463871 -0.0002960091870193608 0.007194061417069838 -0.005376512920101784 -451.8930947064369 163.68108208085232 -422.07879012516406 8360.536970207446 
4261785.423584063 -0.0002963539105882493 0.007193565143176866 -0.005376512470073235 -451.36990360257835 163.66008214763895 -422.09180304474086 8360.84501045688 
4261792.076925211 -0.00029795282112509835 0.007193419825601243 -0.005374405992505295 -451.6628181137486 163.130533233416 -422.66955154145904 8358.216772704714 
4261773.840585322 -0.0002950881413055036 0.007192961530766273 -0.005375423869451513 -451.8647946950058 163.51140019202492 -422.07074091641516 8359.767069495882 
4261938.402620317 -0.0002961879844534944 0.0071917193987921044 -0.0053760059286487305 -451.3653466004356 164.52234510185457 -421.2234832468027 8358.161629327436 
4261785.586280502 -0.0003017222702598331 0.0071939263587115455 -0.005378228424371263 -451.17708541226864 163.68912533827836 -422.51621518302034 8357.422688241122 
4261810.378738588 -0.0002925294074811589 0.007191783058639121 -0.005378419206076554 -452.2514900902919 163.42083499330656 -423.039735404124 8354.332411538837 
4262005.439341709 -0.00029745016808775535 0.007192006398512279 -0.005375941394122901 -451.3754986835351 163.75825708012692 -422.0691773378615 8356.58814253148 
4262089.872152874 -0.0002951021072796902 0.007193593804904343 -0.005376398760805181 -451.2549588924663 164.03449548739115 -422.79216857302316 8358.722713941697 
4261944.789999964 -0.00029771724027058237 0.0071926948160779105 -0.005375926713693735 -451.36549741697524 163.90368111616584 -422.0535729119487 8352.113047214618 
4261771.790476413 -0.00029728906446925286 0.007193977558081853 -0.0053774143108260815 -451.3480417298692 163.93160378065974 -421.94065331957853 8358.758405523578 
4261725.240003945 -0.00029455670674516154 0.007194427172250876 -0.005377058601362502 -451.3580387594006 163.63276149599062 -422.07524849558325 8359.599738398161 
4261784.555266986 -0.00029641230426048553 0.007192344189992332 -0.0053760318333952745 -452.02602031233266 163.35728131367406 -422.7409451687883 8360.440865504448 
4261772.095427514 -0.0002958051064756213 0.007193949341208372 -0.005375946749578059 -451.36542045633064 163.69384616999082 -422.07885900041305 8359.460361087344 
4261806.3973171925 -0.00029583199291094545 0.0071939582486402805 -0.005375933207983981 -451.1998324962118 162.68558097116733 -423.9131409607244 8355.787927837446 
4261788.869820402 -0.00029500564892111865 0.007192475752276729 -0.005375436957304282 -451.6994570312697 163.765394998125 -421.28547755639175 8357.946807440836 
4261761.503791353 -0.00029703184000749673 0.00719399411281061 -0.00537650608016524 -451.3645618902047 163.57420761048155 -421.9306597872937 8360.677046239489 
4261809.012445419 -0.0002934865210430814 0.007194684786099594 -0.00537592431436789 -450.62287865154764 163.72048438450966 -422.07888252488124 8356.705034868133 
4261955.657274284 -0.00029662682796854835 0.007191680773114762 -0.0053746569393602886 -451.1726834102983 163.10909473679277 -422.5799937287308 8356.313668951785 
4261780.739555218 -0.0002977377918785602 0.007193901116145612 -0.005375955922711336 -451.36543435160644 163.3638194761148 -422.05457764080836 8358.999313118651 
4261747.8171845 -0.00029691488407663396 0.007194017011220318 -0.00537644482788833 -451.3670951183739 163.55587560213718 -421.91790946700485 8359.30485840286 
4261783.542283387 -0.00029620860510562853 0.007193237775164107 -0.005376076523043257 -451.9896280809236 163.69263298094714 -421.9027463883165 8358.50734859804 
4261815.141765699 -0.00029494495135649976 0.007194132493190796 -0.005378511985484149 -451.34700107547576 164.11725866107562 -420.52992378105654 8361.284053659576 
4261764.105198496 -0.00029747129362106946 0.007193932826731056 -0.005375929253359109 -451.3495340609156 163.67568966832158 -422.0787916303391 8358.864496318965 
4261915.944794603 -0.0002945521391217781 0.007193998060567237 -0.005375967921166689 -452.75992941757823 164.51107245711947 -422.82582940285386 8359.629866741088 
4261781.730504849 -0.00029625401097846496 0.007193931233537849 -0.005375948582500604 -451.36413437890377 163.69734954190218 -422.0788714827988 8359.228957300456 
4261784.782723735 -0.00029535575595483136 0.0071937976156694755 -0.005377728108022622 -451.3652113462474 163.48529926605093 -422.01977405813403 8362.782068645405 
4261794.802935096 -0.0002924271486159887 0.007191500952049311 -0.005373224175949626 -451.75247822058935 162.63634501135087 -423.05491006652665 8355.99079714023 
4261950.643267033 -0.00029754988880989865 0.00719272689225242 -0.00537588869388391 -451.36520568544785 164.2798896449942 -422.080498344819 8354.936677258807 
4262063.863146182 -0.00029647356776342347 0.0071936019687018045 -0.00537617558456301 -452.64414559359096 163.37277736200474 -422.0787174135596 8359.43870372393 
4261948.4194816165 -0.0002981384555174198 0.007192234052252241 -0.005375945948292905 -451.35925806149874 163.69454150177893 -422.07856364991545 8357.49890732669 
4261780.34893773 -0.0002932387280897172 0.007193272920986882 -0.005376498571589651 -451.01600810626775 162.9408960549991 -422.6517574308121 8358.48019628552 
4261810.643380632 -0.00029876761733413273 0.007194448677849582 -0.005379775775094164 -451.4442960462798 163.12088422147323 -421.8865617405485 8361.473529611212 
4261756.848518858 -0.0002974992946595547 0.0071939318081454305 -0.005380851518308217 -452.3572880402231 163.6704163275247 -423.41537290966517 8365.384215776676 
4261779.743867761 -0.000295104551089625 0.007191315737187467 -0.0053759511482629205 -451.8692837835775 161.93809775917717 -424.80540604495263 8354.86689161891 
4261780.700215363 -0.00029704158743299624 0.007193898701800192 -0.005375946294636951 -451.3654069813526 163.53832462364684 -421.89088581194363 8356.74237083885 
4261773.095428105 -0.00029596918121163385 0.007193932755551737 -0.005378675392935559 -451.3647817731787 163.69383063428774 -422.086918392745 8359.632625382088 
4261784.948138897 -0.0002979552439900843 0.007193885536214503 -0.00537874867722709 -452.1159704446076 162.9774773509478 -423.3057290266389 8363.57853367052 
4261915.87704714 -0.00029872071281585364 0.007194067451125489 -0.0053765030156513365 -450.60063396563305 163.7176092966457 -422.08028977685944 8358.244173026158 
4261800.475223105 -0.00029620820768568056 0.00719388408714586 -0.005375947928701419 -452.37909403310636 163.69030126606046 -422.08681358264886 8360.163929743092 
4261781.614068505 -0.000296592541952224 0.007190764599794812 -0.00537594403849954 -452.20053177560766 163.40249126114253 -421.08230813997733 8350.833600829621 
4261800.074388716 -0.0002970673413813565 0.007194311959874316 -0.005378625578892413 -451.89305331174364 163.69486846673686 -422.0788634973899 8358.194948904173 
