4429663.998474064 -0.00029703356022604284 0.007294479372656593 -0.00548628289377501 -456.6276610842585 164.1997353105384 -428.1337787512351 8478.516538431251 
4429658.263019494 -0.0003011422323418625 0.007293061303507771 -0.005492890586377865 -456.2985941571638 164.19895923634922 -428.1349513854653 8481.807625835532 
4429655.308055847 -0.0002963716238238057 0.007293859465988669 -0.005487717623338662 -455.6252210725523 164.2107164097063 -428.12628436522596 8475.547992222515 
4429653.472709158 -0.00029963551719869536 0.00729645945382593 -0.0054874831107363 -456.5908684039668 164.28976544884767 -428.09758555376635 8478.771724112696 
4429650.581671311 -0.0002987009726223077 0.007297631643139868 -0.005492153746323534 -456.38052131040286 164.2008530817196 -427.9655013216319 8487.538014157539 
4429649.727569343 -0.00030385624262777727 0.0072960828054148 -0.005490956769736179 -455.623539678696 164.2009012521769 -428.13374334183504 8481.660663156279 
4429744.228387405 -0.00029760847381136 0.007295433825757116 -0.005490044898538644 -456.19697170364043 164.3866734040804 -428.1715471141736 8479.164231308781 
4429652.641626136 -0.000301142391875978 0.007293058405284615 -0.0054874008289725286 -455.62368948336075 164.21070644093817 -428.1337580031329 8476.207477908794 
4429655.435860928 -0.0002958638975759857 0.007293275969659608 -0.005488713995134103 -456.38877422567816 164.21512966590146 -428.13249204669626 8478.867940183418 
4429655.399412026 -0.000301142103 0.0072938967691303334 -0.0054886822481946314 -455.7326873340473 164.20549217300928 -428.1362360213456 8475.957834369368 
4429655.413020746 -0.00030099984332641807 0.007293067088428866 -0.005487397124122209 -456.6225102926178 164.2004752487825 -428.1349855373968 8480.320527554655 
4429655.43570487 -0.00030107051521078096 0.007294713891178069 -0.005490184141614857 -455.9531866537791 164.20662846221066 -428.1337638411033 8478.943818011485 
4429668.783815723 -0.0003000308700048185 0.0072949902488826605 -0.0054896480419722865 -456.2194863366676 164.20880793668562 -427.749289387664 8477.81183902134 
4429652.5795788495 -0.00029784108928960487 0.007295464145730683 -0.0054895114335703704 -456.23706568483317 164.20625942317125 -428.1362507007578 8479.507066479806 
4429707.6967528835 -0.0002992279108737223 0.007295247381533299 -0.0054874273997939736 -456.63332499148663 164.22972434955838 -428.12967139325883 8479.583927753545 
4429655.63467734 -0.0002985383239724209 0.007296962285957001 -0.0054873207547330325 -456.7924025285028 164.1861206528263 -428.1336712954834 8480.1338519571 
4429655.79857605 -0.0002993916850880095 0.007296154050958016 -0.0054885032479444415 -455.6255232215705 163.7513331761177 -428.08022764956195 8479.694795231126 
4429658.282182688 -0.0002951930015918502 0.0072950071585396615 -0.005488453746451673 -456.4524120155157 164.22270403748752 -428.1288963312423 8478.502893952835 
4429640.255433246 -0.0003005073851804968 0.007294094282616429 -0.00548824130224023 -456.62367761290625 164.19743036535388 -429.3698042735669 8476.21004372913 
4429678.635487704 -0.0003016580613803033 0.0072930400566441535 -0.005487396683845012 -456.62250791771385 164.40083653004132 -428.06838849901425 8479.116935957432 
4429675.379558604 -0.00029760726603285907 0.0072962428344764095 -0.005487376621603936 -456.9098352046645 164.21355611885818 -428.1346514889116 8478.645836313564 
4429655.435774202 -0.000301070773106351 0.007293064199732219 -0.005489757123138923 -456.2428753456443 164.20472390916055 -428.13375620443594 8477.053682548127 
4429660.8873179825 -0.00029550550082831946 0.007296996135168751 -0.005490200933926822 -456.458964114467 164.21783466219793 -428.12619163440166 8481.348238316315 
4429658.754064971 -0.00030481671922253533 0.007295845824258716 -0.005492949552199676 -456.0510961225674 163.3022170724793 -428.1782857243772 8487.876494470063 
4429656.1281690365 -0.0003012129268256288 0.007294067641168273 -0.005490132084166562 -456.55711141303163 163.9431108278108 -428.056358500305 8483.46072577825 
4429652.582165259 -0.0002970577474153023 0.007294197745774845 -0.005492559705448635 -456.0084494094443 164.1994908161096 -428.1337188956353 8482.408064639169 
4429623.715827387 -0.0002987666924853612 0.00729698476024438 -0.005490185065747122 -456.2417652725962 164.2143996452197 -428.1194313813645 8482.82746875565 
4429647.225412617 -0.00029774311642844067 0.0072944506829484435 -0.005487424820632567 -456.2783318948207 164.2035427250462 -428.1312160972208 8478.87525596766 
4429655.418314402 -0.0003010709239352126 0.007293061263804952 -0.005487404799329556 -455.8588541623649 164.19270677733996 -428.13369451701055 8477.359200422348 
4429665.118338072 -0.0002955885688827449 0.007295772872431876 -0.005487395715291605 -456.6236917241205 164.21817243289377 -428.13379266675184 8478.802614198967 
4429665.082012886 -0.0002965191138146843 0.007294946999495909 -0.005490329692141302 -455.9011839810246 164.1809988663256 -428.13668733403654 8477.419546718358 
4429652.5816712985 -0.0003010709253201208 0.007295559998790396 -0.0054874099220215645 -456.2824846485015 164.20291182882792 -428.1337458481019 8475.953414273583 
4429655.434148838 -0.00029980229475791724 0.007295619108480904 -0.005487412677345403 -455.62367707407645 164.1911241747331 -428.13130912414135 8477.475476319425 
4429647.912135984 -0.0002987189171131891 0.007294752782298951 -0.005489577020215414 -456.8099649208679 164.2288339182477 -428.13347930163474 8481.284856292732 
4429717.68315448 -0.0003025010549820446 0.007294828642422454 -0.005488494158511504 -456.2416875174893 164.28712811364605 -428.13386440479366 8477.85166298054 
4429671.048089093 -0.0003010655028545018 0.007293064198155132 -0.005487397068226421 -456.62539703444406 164.2138020654662 -428.13377406405493 8475.552369378782 
4429650.9016882125 -0.0003004314577297722 0.007295490293413916 -0.005490143367021662 -456.34877061601986 164.25211624631368 -428.707376611659 8481.689904248087 
4429655.436264995 -0.00030151920503467943 0.007293950921644611 -0.0054918103275561694 -457.2548879322002 164.197366903984 -428.1336903405926 8481.942750208607 
4429666.032596582 -0.00029847980717583885 0.00729484392175241 -0.005489283572172934 -456.4566544691748 164.30197273697664 -427.66568137219366 8482.30813927844 
4429655.435772663 -0.00030100048065554477 0.0072939058607829075 -0.005487386013733592 -455.62367617281376 164.2074470098273 -428.1350036423008 8474.104782258704 
4429655.436246651 -0.00030107102785528154 0.0072930671381827 -0.005487397037126259 -456.62252681402833 164.19724243480738 -427.9629004376114 8479.07433954936 
4429671.794871461 -0.0002991587691602511 0.007295231227288063 -0.0054907128500512785 -456.6201320978396 164.22719705770288 -428.126296336365 8482.605552218607 
4429648.197539074 -0.00030047493398674917 0.007293071262214774 -0.005487397154229676 -457.25371493766784 164.33081632464868 -428.65278623848974 8480.184237316862 
4429661.407133316 -0.0002955426174797397 0.007295039100211788 -0.0054857388137065175 -457.2807538062805 163.65923993878968 -428.1345944049716 8478.907548393752 
4429627.635019602 -0.00030379997528413584 0.007292174190773636 -0.005487385253876394 -455.2461017401449 164.19792948205873 -427.9484974658239 8473.06607155855 
4429660.578636081 -0.00030096932290561896 0.007294188131305623 -0.005487050741316299 -456.7975172001676 163.5236909282797 -428.48944911518214 8482.277192706966 
4429657.669088792 -0.00029890101225036887 0.007293266170216665 -0.005488345460729482 -456.2443525906842 163.52896290541068 -428.09026982814964 8478.534778514826 
4429655.432458622 -0.00029872440447439516 0.00729523726491934 -0.0054901081313849485 -455.62636377622505 163.78048292564574 -428.13392227404864 8482.195035506556 
4429655.414864356 -0.00030107114802201444 0.0072927903610607685 -0.005487940871097407 -456.6281143307723 164.03283141238853 -428.1343258111429 8476.617753803203 
4429647.860059267 -0.0002965580418629683 0.0072965343817573665 -0.005489471374173953 -456.63281288281746 164.94358292141314 -428.0825934366561 8485.618096712744 
